# 弧面网格导出 verts=84 tris=108 段数=28
V 84 108 28
v 0 0.540199637 0.8645001 0 0
v 1 0.567013562 0.9074114 0 0
v 2 0.593827546 0.9503227 0 0
v 3 0.5973414 0.8002068 0 0.01393115
v 4 0.640068769 0.857444942 0 0.116092913
v 5 0.6827961 0.9146831 0 0.01393115
v 6 0.64782387 0.7327087 0 0.0276739039
v 7 0.7087444 0.801611662 0 0.230615869
v 8 0.769664943 0.8705147 0 0.0276739039
v 9 0.69173336 0.6628337 0 0.0410424173
v 10 0.77257055 0.7402936 0 0.342020154
v 11 0.853407741 0.8177535 0 0.0410424173
v 12 0.729268849 0.5913312 0 0.0538559034
v 13 0.831110656 0.673910141 0 0.4487992
v 14 0.9329525 0.7564891 0 0.0538559034
v 15 0.7607198 0.518855751 0 0.06594108
v 16 0.8839641 0.6029157 0 0.549509
v 17 1.00720847 0.6869756 0 0.06594108
v 18 0.786442459 0.445954919 0 0.07713451
v 19 0.9307692 0.527795851 0 0.642787635
v 20 1.07509589 0.609636843 0 0.07713451
v 21 0.806835234 0.373063415 0 0.08728484
v 22 0.9712058 0.449064851 0 0.72737366
v 23 1.13557637 0.525066257 0 0.08728484
v 24 0.8223122 0.300501645 0 0.09625478
v 25 1.00499713 0.3672611 0 0.8021232
v 26 1.187682 0.4340206 0 0.09625478
v 27 0.833278537 0.228480354 0 0.103923053
v 28 1.031912 0.28294453 0 0.866025448
v 29 1.2305454 0.337408721 0 0.103923053
v 30 0.84010756 0.157109469 0 0.110185929
v 31 1.05176616 0.196691975 0 0.9182161
v 32 1.26342475 0.236274481 0 0.110185929
v 33 0.84312 0.08641197 0 0.114958741
v 34 1.06442392 0.109093577 0 0.9579895
v 35 1.2857281 0.131775185 0 0.114958741
v 36 0.8425669 0.01634156 0 0.11817693
v 37 1.06979871 0.020748714 0 0.9848078
v 38 1.29703057 0.0251558684 0 0.11817693
v 39 0.838617861 -0.05319679 0 0.119796976
v 40 1.06785369 -0.06773811 0 0.9983082
v 41 1.29708946 -0.08227942 0 0.119796976
v 42 0.8313523 -0.122324139 0 0.119796976
v 43 1.058602 -0.155761391 0 0.9983082
v 44 1.28585172 -0.189198628 0 0.119796976
v 45 0.8207572 -0.191164017 0 0.118176922
v 46 1.04210711 -0.242719024 0 0.9848077
v 47 1.26345706 -0.294274032 0 0.118176922
v 48 0.806729734 -0.259818166 0 0.114958741
v 49 1.018482 -0.3280158 0 0.9579895
v 50 1.23023427 -0.396213472 0 0.114958741
v 51 0.7890844 -0.3283444 0 0.110185929
v 52 0.987888038 -0.4110682 0 0.9182161
v 53 1.18669176 -0.493792027 0 0.110185929
v 54 0.767565668 -0.3967359 0 0.103923045
v 55 0.9505347 -0.491308123 0 0.8660254
v 56 1.13350368 -0.585880339 0 0.103923045
v 57 0.74186486 -0.4649033 0 0.09625479
v 58 0.9066776 -0.5681862 0 0.802123249
v 59 1.07149029 -0.6714692 0 0.09625479
v 60 0.711639762 -0.5326615 0 0.08728483
v 61 0.8566168 -0.6411767 0 0.7273736
v 62 1.00159383 -0.749691844 0 0.08728483
v 63 0.6765376 -0.5997204 0 0.07713449
v 64 0.8006947 -0.709780157 0 0.642787457
v 65 0.924851835 -0.819839954 0 0.07713449
v 66 0.636220038 -0.665680051 0 0.0659410655
v 67 0.7392942 -0.773527 0 0.54950887
v 68 0.842368245 -0.881373942 0 0.0659410655
v 69 0.5903879 -0.730032861 0 0.0538558736
v 70 0.672835052 -0.8319813 0 0.448798954
v 71 0.755282164 -0.933929741 0 0.0538558736
v 72 0.538806558 -0.7921686 0 0.0410424
v 73 0.6017724 -0.884742856 0 0.34202
v 74 0.6647383 -0.977317035 0 0.0410424
v 75 0.481328636 -0.8513873 0 0.0276738983
v 76 0.5265922 -0.9314507 0 0.230615824
v 77 0.5718557 -1.01151407 0 0.0276738983
v 78 0.417915672 -0.9069147 0 0.0139311273
v 79 0.447808832 -0.9717855 0 0.116092727
v 80 0.477701932 -1.03665626 0 0.0139311273
v 81 0.348655343 -0.957922637 0 -1.04907327E-08
v 82 0.365961552 -1.005471 0 -8.742278E-08
v 83 0.38326773 -1.0530194 0 -1.04907327E-08
t 0 0 1 4 -0.00447469
t 1 0 4 3 -0.006017774
t 2 1 2 5 -0.0047733956
t 3 1 5 4 -0.00631648
t 4 3 4 7 -0.00631647557
t 5 3 7 6 -0.00759041077
t 6 4 5 8 -0.006859411
t 7 4 8 7 -0.008133353
t 8 6 7 10 -0.008133339
t 9 6 10 9 -0.009049725
t 10 7 8 11 -0.008984373
t 11 7 11 10 -0.009900743
t 12 9 10 13 -0.009900766
t 13 9 13 12 -0.0103815859
t 14 10 11 14 -0.0111139705
t 15 10 14 13 -0.0115947984
t 16 12 13 16 -0.0115947854
t 17 12 16 15 -0.0115759512
t 18 13 14 17 -0.013211363
t 19 13 17 16 -0.01319252
t 20 15 16 19 -0.0131925307
t 21 15 19 18 -0.0126267085
t 22 16 17 20 -0.0152381742
t 23 16 20 19 -0.0146723744
t 24 18 19 22 -0.0146723557
t 25 18 22 21 -0.0135310953
t 26 19 20 23 -0.0171555746
t 27 19 23 22 -0.0160142966
t 28 21 22 25 -0.0160143171
t 29 21 25 24 -0.0142891761
t 30 22 23 26 -0.0189253315
t 31 22 26 25 -0.0172002017
t 32 24 25 28 -0.01720019
t 33 24 28 27 -0.0149031095
t 34 25 26 29 -0.02051107
t 35 25 29 28 -0.0182139874
t 36 27 28 31 -0.0182139836
t 37 27 31 30 -0.0153765716
t 38 28 29 32 -0.021879388
t 39 28 32 31 -0.0190419741
t 40 30 31 34 -0.01904198
t 41 30 34 33 -0.0157139618
t 42 31 32 35 -0.0230009966
t 43 31 35 34 -0.01967299
t 44 33 34 37 -0.0196729749
t 45 33 37 36 -0.0159197878
t 46 34 35 38 -0.02385166
t 47 34 38 37 -0.0200984553
t 48 36 37 40 -0.0200984478
t 49 36 40 39 -0.0159981064
t 50 37 38 41 -0.02441298
t 51 37 41 40 -0.0203126278
t 52 39 40 43 -0.0203126222
t 53 39 43 42 -0.0159521084
t 54 40 41 44 -0.0246731173
t 55 40 44 43 -0.02031262
t 56 42 43 46 -0.0203126371
t 57 42 46 45 -0.01578393
t 58 43 44 47 -0.0246271733
t 59 43 47 46 -0.02009846
t 60 45 46 49 -0.0200984273
t 61 45 49 48 -0.01549431
t 62 46 47 50 -0.024277091
t 63 46 50 49 -0.0196729675
t 64 48 49 52 -0.0196729638
t 65 48 52 51 -0.0150829582
t 66 49 50 53 -0.02363198
t 67 49 53 52 -0.0190419722
t 68 51 52 55 -0.019042
t 69 51 55 54 -0.0145485988
t 70 52 53 56 -0.0227074213
t 71 52 56 55 -0.0182140041
t 72 54 55 58 -0.0182139743
t 73 54 58 57 -0.013889309
t 74 55 56 59 -0.0215248521
t 75 55 59 58 -0.0172001775
t 76 57 58 61 -0.0172001868
t 77 57 61 60 -0.0131032662
t 78 58 59 62 -0.0201111976
t 79 58 62 61 -0.0160142984
t 80 60 61 64 -0.0160143226
t 81 60 64 63 -0.0121891806
t 82 61 62 65 -0.0184975341
t 83 61 65 64 -0.0146723827
t 84 63 64 67 -0.0146723548
t 85 63 67 66 -0.0111468565
t 86 64 65 68 -0.0167180113
t 87 64 68 67 -0.0131925074
t 88 66 67 70 -0.0131925391
t 89 66 70 69 -0.00997822452
t 90 67 68 71 -0.0148091055
t 91 67 71 70 -0.01159479
t 92 69 70 73 -0.0115947649
t 93 69 73 72 -0.008687533
t 94 70 71 74 -0.0128079634
t 95 70 74 73 -0.009900741
t 96 72 73 76 -0.009900754
t 97 72 76 75 -0.00728232739
t 98 73 74 77 -0.0107517736
t 99 73 77 76 -0.008133343
t 100 75 76 79 -0.008133359
t 101 75 79 78 -0.00577353733
t 102 76 77 80 -0.008676291
t 103 76 80 79 -0.006316469
t 104 78 79 82 -0.00631646253
t 105 78 82 81 -0.00417596847
t 106 79 80 83 -0.006615165
t 107 79 83 82 -0.00447467575
