t(s) | tf.y | Visual.lp.y | root.lp.y | curLift | 首节Y | 尾节Y | airborne
 1.00 |   0.05 |      0.00 |      0.00 |    3.60 |   0.83 |   1.85 | True
 1.10 |   0.05 |      0.00 |      0.00 |    3.60 |   0.83 |   2.83 | True
 1.19 |   0.05 |      0.00 |      0.00 |    3.60 |   0.83 |   2.71 | True
 1.29 |   0.05 |      0.00 |      0.00 |    3.60 |   0.83 |   1.74 | True
 1.39 |   0.05 |      0.00 |      0.00 |    3.60 |   0.83 |   0.85 | True
 1.48 |   0.05 |      0.00 |      0.00 |    3.60 |   0.83 |   0.82 | True
 1.58 |   0.05 |      0.00 |      0.00 |    3.60 |   0.83 |   1.47 | True
 1.68 |   0.05 |      0.00 |      0.00 |    3.60 |   0.83 |   1.91 | True
 1.77 |   0.05 |      0.00 |      0.00 |    3.60 |   0.83 |   1.39 | True
 1.87 |   0.05 |      0.00 |      0.00 |    3.60 |   0.83 |   0.15 | True
 1.97 |   0.05 |      0.00 |      0.00 |    3.60 |   0.83 |  -0.80 | True
 2.07 |   0.05 |      0.00 |      0.00 |    3.60 |   0.83 |  -0.80 | True
 2.16 |   0.05 |      0.00 |      0.00 |    3.60 |   0.83 |   0.07 | True
 2.26 |   0.05 |      0.00 |      0.00 |    3.60 |   0.83 |   1.04 | True
 2.35 |   0.05 |      0.00 |      0.00 |    3.60 |   0.83 |   1.21 | True
 2.45 |   0.05 |      0.00 |      0.00 |    3.60 |   0.83 |   0.63 | True
 2.55 |   0.05 |      1.74 |      0.00 |    3.60 |   2.57 |   2.64 | True
 2.65 |   0.05 |      3.28 |      0.00 |    3.60 |   4.11 |   3.96 | True
 2.75 |   0.05 |      3.60 |      0.00 |    3.60 |   4.43 |   4.09 | True
 2.84 |   0.05 |      3.60 |      0.00 |    3.60 |   4.43 |   4.54 | True
 2.94 |   0.05 |      3.60 |      0.00 |    3.60 |   4.43 |   5.47 | True
 3.04 |   0.05 |      3.60 |      0.00 |    3.60 |   4.43 |   5.81 | True
 3.14 |   0.05 |      3.60 |      0.00 |    3.60 |   4.43 |   4.79 | True
 3.23 |   0.05 |      3.60 |      0.00 |    3.60 |   4.43 |   3.36 | True
 3.33 |   0.05 |      3.60 |      0.00 |    3.60 |   4.43 |   2.85 | True
 3.43 |   0.05 |      3.60 |      0.00 |    3.60 |   4.43 |   3.42 | True
 3.53 |   0.05 |      3.60 |      0.00 |    3.60 |   4.43 |   4.99 | True
 3.60 |   0.05 |      3.60 |      0.00 |    3.60 |   4.43 |   5.90 | True
 3.69 |   0.05 |      3.60 |      0.00 |    3.60 |   4.43 |   6.12 | True
 3.79 |   0.05 |      3.60 |      0.00 |    3.60 |   4.43 |   5.00 | True
 3.89 |   0.05 |      3.60 |      0.00 |    3.60 |   4.43 |   3.82 | True
 3.98 |   0.05 |      3.60 |      0.00 |    3.60 |   4.43 |   3.84 | True
>>> 4.0s 强制开招
 4.08 |   0.05 |      3.60 |      0.00 |    3.60 |   4.43 |   4.52 | True
 4.18 |   0.05 |      3.70 |      0.00 |    3.70 |   4.53 |   4.70 | True
 4.27 |   0.05 |      3.79 |      0.00 |    3.79 |   4.63 |   4.87 | True
 4.37 |   0.05 |      3.89 |      0.00 |    3.89 |   4.72 |   4.99 | True
 4.46 |   0.05 |      3.93 |      0.00 |    3.93 |   4.77 |   5.01 | True
 4.56 |   0.05 |      3.71 |      0.00 |    3.71 |   4.54 |   4.79 | True
 4.65 |   0.05 |      3.23 |      0.00 |    3.23 |   4.06 |   4.31 | True
 4.75 |   0.05 |      2.46 |      0.00 |    2.46 |   3.30 |   3.55 | True
 4.85 |   0.05 |      1.45 |      0.00 |    1.45 |   2.28 |   2.53 | True
 4.92 |   0.05 |      0.65 |      0.00 |    0.65 |   1.48 |   0.50 | True
 5.01 |   0.05 |      0.65 |      0.00 |    0.65 |   1.48 |  -0.61 | True
 5.11 |   0.05 |      0.65 |      0.00 |    0.65 |   1.48 |  -0.76 | True
 5.20 |   0.05 |      0.65 |      0.00 |    0.65 |   1.48 |  -2.14 | True
 5.30 |   0.05 |      0.65 |      0.00 |    0.65 |   1.48 |   0.65 | True
 5.40 |   0.05 |      0.65 |      0.00 |    0.65 |   1.48 |   3.27 | True
 5.49 |   0.05 |      0.65 |      0.00 |    0.65 |   1.48 |   2.16 | True
 5.59 |   0.05 |      0.65 |      0.00 |    0.65 |   1.48 |   1.76 | True
 5.68 |   0.05 |      0.65 |      0.00 |    0.65 |   1.48 |   0.64 | True
 5.78 |   0.05 |      0.74 |      0.00 |    1.05 |   1.58 |   1.57 | True
 5.88 |   0.05 |      1.24 |      0.00 |    1.24 |   2.07 |   2.07 | True
 5.97 |   0.05 |      1.71 |      0.00 |    1.71 |   2.55 |   2.54 | True
 6.07 |   0.05 |      2.33 |      0.00 |    2.33 |   3.16 |   3.17 | True
 6.17 |   0.05 |      2.95 |      0.00 |    2.95 |   3.79 |   3.82 | True
 6.27 |   0.05 |      3.43 |      0.00 |    3.43 |   4.26 |   4.32 | True
 6.36 |   0.05 |      3.60 |      0.00 |    3.60 |   4.43 |   4.52 | True
 6.46 |   0.05 |      3.60 |      0.00 |    3.60 |   4.43 |   6.26 | True
 6.56 |   0.05 |      3.60 |      0.00 |    3.60 |   4.43 |   5.10 | True
 6.66 |   0.05 |      3.60 |      0.00 |    3.60 |   4.43 |   3.76 | True
 6.77 |   0.05 |      3.60 |      0.00 |    3.60 |   4.43 |   3.37 | True
 6.88 |   0.05 |      3.60 |      0.00 |    3.60 |   4.43 |   4.02 | True
 6.99 |   0.05 |      3.60 |      0.00 |    3.60 |   4.43 |   4.58 | True
 7.09 |   0.05 |      3.60 |      0.00 |    3.60 |   4.43 |   4.13 | True
 7.20 |   0.05 |      3.60 |      0.00 |    3.60 |   4.43 |   3.13 | True
 7.31 |   0.05 |      3.60 |      0.00 |    3.60 |   4.43 |   2.92 | True
 7.42 |   0.05 |      3.60 |      0.00 |    3.60 |   4.43 |   3.99 | True
 7.53 |   0.05 |      3.60 |      0.00 |    3.60 |   4.43 |   5.51 | True
 7.64 |   0.05 |      3.60 |      0.00 |    3.60 |   4.43 |   5.97 | True
 7.75 |   0.05 |      3.64 |      0.00 |    3.64 |   4.47 |   4.59 | True
 7.85 |   0.05 |      3.74 |      0.00 |    3.74 |   4.58 |   4.79 | True
 7.96 |   0.05 |      3.85 |      0.00 |    3.85 |   4.68 |   4.95 | True
 8.06 |   0.05 |      3.95 |      0.00 |    3.95 |   4.78 |   5.03 | True
 8.17 |   0.05 |      3.78 |      0.00 |    3.78 |   4.61 |   4.86 | True
 8.27 |   0.05 |      3.27 |      0.00 |    3.27 |   4.11 |   4.35 | True
 8.39 |   0.05 |      2.40 |      0.00 |    2.40 |   3.24 |   3.48 | True
 8.49 |   0.05 |      1.21 |      0.00 |    1.21 |   2.04 |   2.29 | True
 8.57 |   0.05 |      0.65 |      0.00 |    0.65 |   1.48 |   1.25 | True
 8.68 |   0.05 |      0.65 |      0.00 |    0.65 |   1.48 |  -0.46 | True
 8.78 |   0.05 |      0.65 |      0.00 |    0.65 |   1.48 |   0.59 | True
 8.89 |   0.05 |      0.65 |      0.00 |    0.65 |   1.48 |   3.05 | True
 9.00 |   0.05 |      0.65 |      0.00 |    0.65 |   1.48 |   3.85 | True
 9.11 |   0.05 |      0.65 |      0.00 |    0.65 |   1.48 |   1.29 | True
 9.21 |   0.05 |      0.65 |      0.00 |    0.65 |   1.48 |   2.56 | True
 9.32 |   0.05 |      0.65 |      0.00 |    0.65 |   1.48 |   3.36 | True
 9.43 |   0.05 |      1.07 |      0.00 |    1.07 |   1.90 |   1.90 | True
 9.54 |   0.05 |      1.41 |      0.00 |    1.41 |   2.24 |   2.24 | True
 9.65 |   0.05 |      2.03 |      0.00 |    2.03 |   2.86 |   2.87 | True
 9.76 |   0.05 |      2.72 |      0.00 |    2.72 |   3.55 |   3.57 | True
 9.86 |   0.05 |      3.31 |      0.00 |    3.31 |   4.14 |   4.19 | True
 9.97 |   0.05 |      3.60 |      0.00 |    3.60 |   4.43 |   4.51 | True
10.09 |   0.05 |      3.60 |      0.00 |    3.60 |   4.43 |   4.35 | True
10.20 |   0.05 |      3.60 |      0.00 |    3.60 |   4.43 |   3.05 | True
10.31 |   0.05 |      3.60 |      0.00 |    3.60 |   4.43 |   2.91 | True
10.41 |   0.05 |      3.60 |      0.00 |    3.60 |   4.43 |   3.78 | True
10.52 |   0.05 |      3.60 |      0.00 |    3.60 |   4.43 |   4.56 | True
10.62 |   0.05 |      3.60 |      0.00 |    3.60 |   4.43 |   4.37 | True
10.73 |   0.05 |      3.60 |      0.00 |    3.60 |   4.43 |   3.63 | True
10.83 |   0.05 |      3.60 |      0.00 |    3.60 |   4.43 |   3.48 | True
10.94 |   0.05 |      3.60 |      0.00 |    3.60 |   4.43 |   4.49 | True
11.04 |   0.05 |      3.60 |      0.00 |    3.60 |   4.43 |   5.93 | True
11.14 |   0.05 |      3.60 |      0.00 |    3.60 |   4.43 |   6.52 | True
11.25 |   0.05 |      3.60 |      0.00 |    3.60 |   4.43 |   5.84 | True
11.35 |   0.05 |      3.63 |      0.00 |    3.63 |   4.46 |   4.57 | True
11.45 |   0.05 |      3.73 |      0.00 |    3.73 |   4.56 |   4.76 | True
11.56 |   0.05 |      3.84 |      0.00 |    3.84 |   4.67 |   4.93 | True
11.66 |   0.05 |      3.94 |      0.00 |    3.94 |   4.77 |   5.02 | True
11.77 |   0.05 |      3.83 |      0.00 |    3.83 |   4.67 |   4.91 | True
11.87 |   0.05 |      3.40 |      0.00 |    3.40 |   4.23 |   4.48 | True
11.98 |   0.05 |      2.66 |      0.00 |    2.66 |   3.49 |   3.74 | True
12.08 |   0.05 |      1.59 |      0.00 |    1.59 |   2.43 |   2.67 | True
12.16 |   0.05 |      1.05 |      0.00 |    1.05 |   1.88 |   1.91 | True
12.27 |   0.05 |      1.05 |      0.00 |    1.05 |   1.88 |   1.99 | True
12.37 |   0.05 |      1.06 |      0.00 |    1.06 |   1.89 |   1.89 | True
12.48 |   0.05 |      1.28 |      0.00 |    1.28 |   2.12 |   2.11 | True
12.58 |   0.05 |      1.72 |      0.00 |    1.72 |   2.56 |   2.56 | True
12.68 |   0.05 |      2.26 |      0.00 |    2.26 |   3.10 |   3.10 | True
12.79 |   0.05 |      2.83 |      0.00 |    2.83 |   3.66 |   3.68 | True
12.90 |   0.05 |      3.30 |      0.00 |    3.30 |   4.13 |   4.18 | True
13.00 |   0.05 |      3.57 |      0.00 |    3.57 |   4.40 |   4.47 | True
13.11 |   0.05 |      3.60 |      0.00 |    3.60 |   4.43 |   4.63 | True
13.21 |   0.05 |      3.60 |      0.00 |    3.60 |   4.43 |   4.03 | True
13.32 |   0.05 |      3.60 |      0.00 |    3.60 |   4.43 |   4.49 | True
13.42 |   0.05 |      3.60 |      0.00 |    3.60 |   4.43 |   5.10 | True
13.53 |   0.05 |      3.60 |      0.00 |    3.60 |   4.43 |   4.78 | True
13.65 |   0.05 |      3.60 |      0.00 |    3.60 |   4.43 |   3.42 | True
13.75 |   0.05 |      3.60 |      0.00 |    3.60 |   4.43 |   2.65 | True
13.85 |   0.05 |      3.60 |      0.00 |    3.60 |   4.43 |   3.01 | True
13.96 |   0.05 |      3.60 |      0.00 |    3.60 |   4.43 |   4.21 | True
