=== 轴向探明（判断哪根轴是剑身）===
weapon.up      = (-0.813,0.564,0.143)
weapon.forward = (0.568,0.823,-0.019)
mesh localBounds size = (0.232,1.198,0.096)  min=(-0.116,-0.599,-0.048) max=(0.116,0.599,0.048)
bladeAnchor    = CC_Base_R_Hand  pos=(-0.054,1.921,-2.940)  localPos=(0.000,0.113,0.000)

=== 整个待机循环（2.5 s，20 Hz）扫剑身线段 → 头骨/颈骨 最低距离 ===
   t(s)   剑轴·up夹角   剑尖相对头骨(dx,dy,dz)    剑尖到头骨距离   剑身到头骨   剑身到颈骨
   0.00         55.7°   ( -1.116,  0.412,  0.287)        1.224       0.321       0.243
   0.06         55.6°   ( -1.114,  0.413,  0.292)        1.224       0.320       0.242
   0.10         55.6°   ( -1.113,  0.412,  0.296)        1.223       0.320       0.242
   0.15         55.7°   ( -1.112,  0.410,  0.301)        1.223       0.320       0.242
   0.20         55.8°   ( -1.113,  0.407,  0.305)        1.223       0.320       0.242
   0.26         56.0°   ( -1.114,  0.401,  0.308)        1.224       0.321       0.242
   0.30         56.3°   ( -1.116,  0.396,  0.311)        1.224       0.322       0.243
   0.36         56.6°   ( -1.119,  0.389,  0.312)        1.225       0.323       0.243
   0.40         56.8°   ( -1.122,  0.384,  0.313)        1.226       0.323       0.243
   0.45         57.1°   ( -1.125,  0.378,  0.312)        1.227       0.324       0.244
   0.51         57.3°   ( -1.128,  0.372,  0.310)        1.228       0.325       0.244
   0.56         57.5°   ( -1.131,  0.369,  0.307)        1.229       0.326       0.245
   0.60         57.7°   ( -1.133,  0.366,  0.304)        1.229       0.327       0.245
   0.65         57.8°   ( -1.136,  0.365,  0.300)        1.230       0.327       0.246
   0.70         57.8°   ( -1.137,  0.364,  0.296)        1.230       0.327       0.246
   0.76         57.8°   ( -1.138,  0.366,  0.291)        1.231       0.327       0.246
   0.80         57.7°   ( -1.138,  0.368,  0.289)        1.230       0.327       0.246
   0.85         57.5°   ( -1.137,  0.374,  0.285)        1.230       0.327       0.246
   0.90         57.2°   ( -1.135,  0.380,  0.282)        1.229       0.326       0.246
   0.95         56.9°   ( -1.132,  0.386,  0.279)        1.229       0.325       0.245
   1.01         56.6°   ( -1.129,  0.394,  0.277)        1.228       0.324       0.245
   1.05         56.3°   ( -1.127,  0.400,  0.276)        1.227       0.323       0.244
   1.10         56.1°   ( -1.124,  0.405,  0.277)        1.226       0.322       0.244
   1.15         55.9°   ( -1.121,  0.409,  0.279)        1.225       0.321       0.243
   1.20         55.7°   ( -1.118,  0.412,  0.282)        1.224       0.321       0.243
   1.26         55.6°   ( -1.115,  0.414,  0.287)        1.224       0.320       0.243
   1.30         55.5°   ( -1.114,  0.414,  0.291)        1.223       0.320       0.242
   1.35         55.6°   ( -1.113,  0.413,  0.295)        1.223       0.320       0.242
   1.40         55.6°   ( -1.112,  0.411,  0.300)        1.223       0.320       0.242
   1.45         55.8°   ( -1.113,  0.407,  0.303)        1.223       0.320       0.242
   1.50         56.0°   ( -1.115,  0.401,  0.307)        1.224       0.321       0.242
   1.56         56.3°   ( -1.117,  0.395,  0.309)        1.225       0.322       0.243
   1.60         56.6°   ( -1.120,  0.389,  0.311)        1.225       0.323       0.243
   1.65         56.9°   ( -1.122,  0.383,  0.312)        1.226       0.324       0.244
   1.71         57.2°   ( -1.126,  0.376,  0.311)        1.227       0.325       0.244
   1.76         57.4°   ( -1.129,  0.371,  0.310)        1.228       0.325       0.245
   1.81         57.6°   ( -1.132,  0.367,  0.308)        1.229       0.326       0.245
   1.85         57.7°   ( -1.134,  0.364,  0.304)        1.229       0.327       0.245
   1.90         57.8°   ( -1.136,  0.363,  0.301)        1.230       0.327       0.246
   1.96         57.8°   ( -1.138,  0.363,  0.296)        1.230       0.327       0.246
   2.00         57.8°   ( -1.138,  0.365,  0.292)        1.231       0.327       0.246
   2.05         57.7°   ( -1.138,  0.368,  0.288)        1.231       0.327       0.246
   2.10         57.5°   ( -1.137,  0.373,  0.284)        1.230       0.327       0.246
   2.15         57.3°   ( -1.136,  0.379,  0.281)        1.230       0.326       0.246
   2.21         57.0°   ( -1.133,  0.386,  0.278)        1.229       0.325       0.245
   2.26         56.7°   ( -1.130,  0.392,  0.276)        1.228       0.324       0.245
   2.30         56.4°   ( -1.128,  0.398,  0.276)        1.227       0.323       0.244
   2.35         56.2°   ( -1.125,  0.403,  0.277)        1.226       0.323       0.244
   2.40         56.0°   ( -1.122,  0.407,  0.279)        1.225       0.322       0.244
   2.46         55.8°   ( -1.119,  0.410,  0.283)        1.225       0.321       0.243
   2.50         55.7°   ( -1.116,  0.412,  0.287)        1.224       0.320       0.243

★ 汇总：剑轴与竖直夹角范围 = 55.5° ~ 57.8°
★ 剑身线段 → 头骨 全程最近 = 0.3198 m   （人头半径≈0.10 m，<0.10 即真穿模）
★ 剑身线段 → 颈骨 全程最近 = 0.2421 m
★ 剑尖 → 头骨      全程最近 = 1.2231 m
样本数 = 51
已出图 _gamecam.png（游戏相机原样）
已出图 _ortho_3view.png（背视 / 右侧视 / 俯视）
