根.y=0.3300   地面.y=0.3000   Visual.localY 已归零（原 0.0000）
脚踝 L=CC_Base_L_Foot  R=CC_Base_R_Foot
Visual.localScale = (2.2130, 2.2130, 2.2130)

Walk（KI Walk01_Forward, 0.800s）逐采样点，单位米（相对地面）：
    nt      网格最低点     左踝Y      右踝Y      髋Y
  0.000        0.1227     0.1920     0.1746     1.0230
  0.042        0.0465     0.1812     0.1870     1.0234
  0.083       -0.0638     0.1699     0.2284     1.0230
  0.125       -0.0897     0.1586     0.2419     1.0225
  0.167       -0.1090     0.1500     0.2587     1.0206
  0.208       -0.1247     0.1428     0.2720     1.0167
  0.250       -0.1381     0.1366     0.3093     1.0089
  0.292       -0.1310     0.1396     0.3100     1.0058
  0.333       -0.1079     0.1522     0.3031     1.0072
  0.375       -0.0901     0.1670     0.3264     1.0058
  0.417       -0.0665     0.1871     0.3453     1.0042
  0.458       -0.0399     0.2104     0.3492     1.0032
  0.500       -0.0093     0.2351     0.3266     1.0026
  0.542        0.0306     0.2603     0.3034     1.0027
  0.583        0.0722     0.2812     0.2723     1.0027
  0.625        0.2067     0.3247     0.2441     1.0046
  0.667        0.1981     0.3183     0.2191     1.0095
  0.708        0.1408     0.3015     0.1970     1.0150
  0.750        0.1045     0.2723     0.1778     1.0187
  0.792        0.0222     0.2573     0.1617     1.0187
  0.833       -0.0914     0.2143     0.1545     1.0199
  0.875       -0.0934     0.1791     0.1545     1.0230
  0.917        0.0105     0.1815     0.1585     1.0233
  0.958        0.1104     0.1895     0.1648     1.0233
  1.000        0.1227     0.1920     0.1746     1.0230

→ 网格最低点 区间 [-0.1381, 0.2067]  跨度 0.3448 m
  判读：走路应该「总有一只脚贴地」→ 最低点应长期贴近 0；
        若最低点整段抬到 +0.2 以上 → 是 root motion 把整体抬起来了（不是抬腿相）。

Idle（Feng_Idle_Loop）对照，只打区间：
  区间 [-0.0274, -0.0124]
